Webots Project File version R2023b
perspectives: 000000ff00000000fd00000002000000010000033d00000369fc0200000001fb0000001400540065007800740045006400690074006f00720100000016000003690000008700ffffff0000000300000a00000001ebfc0100000002fb0000001a0043006f006e0073006f006c00650041006c006c0041006c006c010000000000000a000000006900fffffffb0000001a0043006f006e0073006f006c00650041006c006c0041006c006c010000000000000a000000000000000000000006c10000036900000001000000020000000100000008fc00000000
simulationViewPerspectives: 000000ff0000000100000002000001ce000004f10100000002010000000100
sceneTreePerspectives: 000000ff00000001000000030000001e000000c0000000fa0100000002010000000200
minimizedPerspectives: 000000ff00000000fd0000000200000001000002cd0000051afc0200000001fb0000001400540065007800740045006400690074006f007201000000160000051a0000004100ffffff00000003000004fe00000039fc0100000001fb0000001a0043006f006e0073006f006c00650041006c006c0041006c006c0100000000000004fe0000006900ffffff0000022f0000051a00000001000000020000000100000008fc00000000
maximizedDockId: 0
centralWidgetVisible: 1
projectionMode: PERSPECTIVE
orthographicViewHeight: 2.52211
textFiles: 2 "controllers/Charriot/Charriot.py" "controllers/Central_server_py/Central_server_py.py" "controllers/my_controller123/my_controller123.py"
globalOptionalRendering: CameraFrustums::LightSensorRays
consoles: Console:All:All
renderingDevicePerspectives: centrale_server:camera;1;0.438889;0;0
